id_a,id_b,cosine_distance
0,891,0.09343593163948567
0,528,0.08695061680385514
0,949,0.0779874915172285
0,174,0.0760790750663998
0,962,0.07534122232582882
0,177,0.06215469209229604
0,161,0.0596010033792808
0,646,0.05374144527821946
0,684,0.05272767405149614
0,767,0.05170559595807687
1,1001,0.10177743040573477
1,948,0.07735624983735301
1,161,0.052648133241331614
1,528,0.052619089015117644
1,946,0.05119155775436226
1,114,0.05085255530224562
1,933,0.0506712985113338
1,0,0.04669254648092959
1,684,0.04657662541858654
1,949,0.042647699898634386
2,1015,0.3010339449379935
2,462,0.1847758242152024
2,359,0.17684826001575668
2,642,0.16612122213622912
2,166,0.15243376596712507
2,317,0.15074029064931166
2,631,0.15043608631477048
2,1007,0.14301414411345087
2,100,0.13882332602560543
2,1038,0.13715645620402622
3,780,0.12446657889451401
3,1023,0.07813647249285641
3,454,0.07647409856396092
3,358,0.07618082435697
3,237,0.07038360983934579
3,905,0.06685872257632865
3,837,0.06518233047003592
3,147,0.06268561413815522
3,935,0.05489130762476751
3,36,0.05438249822303369
4,47,0.2572807805944475
4,480,0.11858139034465966
4,349,0.11512083122768058
4,175,0.11126048237270311
4,213,0.1009664133595858
4,192,0.09776988213714638
4,191,0.09765602171856783
4,352,0.08934451460664314
4,1033,0.08916792120008224
4,824,0.08594306432385475
5,27,0.27750736148889066
5,16,0.252838130774304
5,20,0.2504008563205638
5,24,0.24968021189252307
5,28,0.24724547760670557
5,26,0.24481143114209195
5,22,0.2424147786968165
5,25,0.22721244510785535
5,21,0.21670956887148307
5,13,0.1991208375531053
6,504,0.08824081285874323
6,923,0.0865389263102819
6,308,0.08150425375411188
6,1004,0.07620642826503532
6,546,0.045981147104839123
6,716,0.041879860086811584
6,912,0.04095909467745581
6,508,0.03435785620501737
6,992,0.03434819280757832
6,832,0.0341134412206712
7,486,0.11027125918132635
7,947,0.10076479491824326
7,819,0.08030542432533751
7,138,0.07976653326531816
7,497,0.06364351808392185
7,513,0.057450373176368995
7,599,0.056479243066117596
7,732,0.04463512263249617
7,914,0.043910345910257546
7,884,0.042856421313837316
8,645,0.16660508444930794
8,736,0.13169675320125518
8,1017,0.1312366392936333
8,927,0.11013575102073092
8,537,0.10405630879118112
8,337,0.10360978709705762
8,142,0.10273622120687216
8,246,0.09984299511139275
8,489,0.0959324131086879
8,453,0.09322772187088216
9,657,0.2243913932247364
9,345,0.20958711301107172
9,427,0.16478329992809032
9,868,0.15913277951147065
9,94,0.1527245379843914
9,836,0.14956388744786198
9,158,0.13397421014528615
9,349,0.11414420576549247
9,470,0.11273780732387992
9,798,0.1075118759173483
10,279,0.22197864684850227
10,791,0.1552802727964721
10,93,0.14579098395721538
10,611,0.14057798762152776
10,666,0.13945665450191214
10,802,0.13604033766426893
10,164,0.12475682220565941
10,123,0.12466193686370966
10,580,0.11374616596751144
10,608,0.11228738170201026
11,121,0.11932481281426577
11,878,0.08872514826448581
11,786,0.08566344129574802
11,113,0.08348026643751583
11,48,0.0738844142803618
11,900,0.0704313456001287
11,494,0.06669260893828746
11,284,0.06591453665325231
11,918,0.06197216293583365
11,343,0.05675637502507478
12,945,0.15222984315811
12,645,0.12491654043776033
12,233,0.12448990445908917
12,502,0.11191621817643765
12,224,0.09002306327244025
12,453,0.08484397457437431
12,217,0.08031665173916565
12,268,0.0763221504357389
12,907,0.07030823797886182
12,997,0.0681088241199079
13,30,0.554629324298345
13,17,0.554629324298345
13,16,0.36455116883036565
13,20,0.3610370183019215
13,24,0.35999796708069626
13,28,0.35648747905830835
13,26,0.352977982761429
13,22,0.34952240251516764
13,1034,0.3330523060857885
13,27,0.3221634933837981
14,18,0.2976508219101635
14,23,0.28837842690542004
14,13,0.272060135655756
14,1034,0.27118071168743846
14,30,0.26934599093987777
14,17,0.26934599093987777
14,21,0.22874584988199323
14,29,0.22095436579537472
14,15,0.21984370921658508
14,16,0.19766163145082674
15,30,0.33249929432299036
15,17,0.33249929432299036
15,13,0.3141436639344392
15,14,0.21984370921658508
15,1034,0.21530782819104483
15,25,0.21065436098534387
15,23,0.20825821288163798
15,29,0.1978057299355953
15,16,0.17050843754709574
15,20,0.16886479361685464
16,20,0.703469793954122
16,27,0.6671355483756222
16,24,0.6472443126202889
16,26,0.6422044165432982
16,28,0.6409327675150832
16,22,0.58665566448968
16,21,0.44587759729582693
16,13,0.36455116883036565
16,30,0.3521293965590766
16,17,0.3521293965590766
17,30,0.9999999999999999
17,13,0.554629324298345
17,29,0.4449535197342439
17,1034,0.3769441992906383
17,23,0.35526483069456166
17,16,0.3521293965590766
17,20,0.3487349877330973
17,24,0.34773134130206845
17,28,0.3443404701853542
17,26,0.34095055700194193
18,27,0.34999570355575527
18,16,0.32626169084433676
18,20,0.323116637992167
18,24,0.32218672022671735
18,25,0.3194651117410007
18,28,0.3190449452008745
18,26,0.31590405773779084
18,30,0.31480923369404157
18,17,0.31480923369404157
18,14,0.2976508219101635
19,17,0.29277999940500476
19,30,0.29277999940500476
19,13,0.2647890298515718
19,23,0.2546144685979346
19,1034,0.2413282914469769
19,159,0.16842681719273825
19,557,0.1584583449968063
19,29,0.1584407708903139
19,18,0.155046643551938
19,16,0.15199376486603858
20,16,0.703469793954122
20,27,0.6607045863041245
20,24,0.6410050953643829
20,26,0.6360137821887146
20,28,0.6347543914289857
20,22,0.5810005014024356
20,21,0.44157948737840214
20,13,0.3610370183019215
20,30,0.3487349877330973
20,17,0.3487349877330973
21,16,0.44587759729582693
21,20,0.44157948737840214
21,24,0.44030863790211705
21,28,0.4360150075462466
21,26,0.4317225901564143
21,27,0.40712811770805923
21,22,0.3862650022538223
21,30,0.30778419865049333
21,17,0.30778419865049333
21,18,0.2818156195506215
22,24,0.6890218675363468
22,28,0.6222240775556808
22,16,0.58665566448968
22,20,0.5810005014024356
22,26,0.5724142432984528
22,27,0.5466913457413103
22,21,0.3862650022538223
22,13,0.34952240251516764
22,30,0.3376127227253942
22,17,0.3376127227253942
23,17,0.35526483069456166
23,30,0.35526483069456166
23,29,0.32863434599285185
23,13,0.310363978518331
23,14,0.28837842690542004
23,1034,0.28333855020869053
23,203,0.25487453277895267
23,19,0.2546144685979346
23,25,0.25425652852149827
23,16,0.25322428136652664
24,22,0.6890218675363468
24,28,0.682927479526692
24,16,0.6472443126202889
24,20,0.6410050953643829
24,26,0.6312107768908248
24,27,0.6054274262763752
24,21,0.44030863790211705
24,13,0.35999796708069626
24,30,0.34773134130206845
24,17,0.34773134130206845
25,18,0.3194651117410007
25,22,0.308085125880313
25,1034,0.2886141133343687
25,16,0.26657594776990734
25,20,0.26400624538565287
25,24,0.2632464451497401
25,21,0.2632343685070708
25,27,0.26251715392100466
25,13,0.26186254039242696
25,28,0.2606794209519973
26,16,0.6422044165432982
26,20,0.6360137821887146
26,24,0.6312107768908248
26,28,0.6250555813772327
26,27,0.6010875303041574
26,22,0.5724142432984528
26,21,0.4317225901564143
26,13,0.352977982761429
26,30,0.34095055700194193
26,17,0.34095055700194193
27,16,0.6671355483756222
27,20,0.6607045863041245
27,24,0.6054274262763752
27,26,0.6010875303041574
27,28,0.5995236548034328
27,22,0.5466913457413103
27,21,0.40712811770805923
27,18,0.34999570355575527
27,13,0.3221634933837981
27,30,0.3127890915450665
28,24,0.682927479526692
28,16,0.6409327675150832
28,20,0.6347543914289857
28,26,0.6250555813772327
28,22,0.6222240775556808
28,27,0.5995236548034328
28,21,0.4360150075462466
28,13,0.35648747905830835
28,30,0.3443404701853542
28,17,0.3443404701853542
29,30,0.4449535197342439
29,17,0.4449535197342439
29,23,0.32863434599285185
29,1034,0.2485395230885529
29,13,0.23686574168729135
29,21,0.2307209736047822
29,14,0.22095436579537472
29,16,0.20639093671019418
29,20,0.20440139756913675
29,24,0.2038131378866165
30,17,0.9999999999999999
30,13,0.554629324298345
30,29,0.4449535197342439
30,1034,0.3769441992906383
30,23,0.35526483069456166
30,16,0.3521293965590766
30,20,0.3487349877330973
30,24,0.34773134130206845
30,28,0.3443404701853542
30,26,0.34095055700194193
31,45,0.12664117835970093
31,986,0.12631205577720012
31,322,0.10655836285049888
31,198,0.10562123216891925
31,642,0.10493316832320243
31,462,0.09603264987225052
31,1007,0.09441224546749544
31,581,0.07740277558728102
31,1038,0.07550037254059334
31,398,0.07243394918951859
32,37,0.14290117134251204
32,569,0.1350488091073837
32,928,0.12166728172236038
32,566,0.1123145342088417
32,911,0.09481180144646419
32,712,0.08849006440470274
32,618,0.08671368163220788
32,806,0.07473706827032298
32,974,0.07381281653799801
32,366,0.06661641729344016
33,884,0.09074217385610663
33,599,0.06159763161454736
33,506,0.05774924493362371
33,200,0.0544243975919132
33,91,0.05223577174702791
33,914,0.04788968769076879
33,1046,0.04613927105260492
33,1019,0.044278507471770014
33,483,0.04244054978535138
33,1032,0.04065533390888049
34,942,0.07681417579384862
34,546,0.06635167814228901
34,547,0.06469623867705243
34,984,0.06293976892078876
34,70,0.033860565819010674
34,703,0.03156713116738961
34,1045,0.030912712792662896
34,628,0.027536156072141504
34,832,0.02502277015170023
34,633,0.024230046168666
35,234,0.07415796455364033
35,465,0.060019802742075426
35,51,0.06001924081092449
35,686,0.05568485015479002
35,828,0.053994091429139794
35,530,0.05308421971444118
35,839,0.04421003506236948
35,450,0.041669617391564745
35,660,0.018794095548210973
35,860,0.015174117664513055
36,648,0.13274527713570444
36,49,0.10161734742675416
36,1018,0.09240003625107455
36,905,0.06883455286558701
36,386,0.06760123096288828
36,335,0.06758467375542779
36,512,0.06596046830785976
36,193,0.06117177374108508
36,593,0.060439827868387266
36,1023,0.05606345057766459
37,614,0.25808632956043936
37,468,0.20743733281350338
37,1035,0.1788565622170361
37,887,0.14451066460254217
37,32,0.14290117134251204
37,110,0.1386263187566148
37,167,0.12174517870985133
37,1020,0.10701249896538001
37,1028,0.09994980399109793
37,1037,0.09781937389609413
38,818,0.17577802832843167
38,961,0.12527140102041567
38,59,0.12149916268481152
38,1025,0.11728061675773097
38,457,0.10968425332500151
38,529,0.10187395208058805
38,281,0.09314127887815887
38,763,0.08873144445161474
38,1000,0.0853373505362199
38,177,0.08514460209784984
39,309,0.1700565733845203
39,196,0.16985595142668114
39,161,0.1429085580352165
39,926,0.1373088130735881
39,999,0.128219430253134
39,413,0.11791123133589801
39,568,0.106656058231132
39,347,0.10199056513669053
39,734,0.09958740966265053
39,925,0.09955667232377174
40,927,0.07724911297087358
40,292,0.07404735562921383
40,289,0.06278472699118742
40,797,0.06150270719674945
40,838,0.05854473527028735
40,502,0.05405877890305902
40,171,0.05255828150640998
40,588,0.04632523049286524
40,895,0.04545990455364144
40,446,0.0443106807801417
41,943,0.2612242749868082
41,137,0.23912515142936253
41,206,0.23117986577648875
41,157,0.19246098299166656
41,293,0.17310459170778258
41,75,0.14695160108889171
41,48,0.13339884998241958
41,786,0.1237045633648204
41,518,0.11520786150701903
41,548,0.11249644525323624
42,642,0.17948563005676352
42,1038,0.16909918811813632
42,924,0.15753979438230223
42,1007,0.14849112698350858
42,488,0.13302561278772823
42,910,0.12939163657043248
42,845,0.12311749045449019
42,605,0.1101204046854371
42,1008,0.1037508249396318
42,398,0.10046840483287695
43,357,0.39619518076415716
43,654,0.24453465122907142
43,470,0.21537161850001932
43,681,0.19765226034130093
43,775,0.19432293064691597
43,213,0.17654418158576354
43,158,0.14711209271496906
43,299,0.14534330968749182
43,894,0.13872003544309577
43,774,0.12670778844986713
44,892,0.1156969711039369
44,613,0.08420522604189665
44,1028,0.07731097403874265
44,915,0.06831954393980387
44,831,0.06755471980189634
44,1020,0.06453805880561246
44,540,0.0602667237877742
44,599,0.05341094200940549
44,566,0.05060000890941483
44,814,0.05040780908680542
45,317,0.1527649887671206
45,632,0.15054489067890942
45,1002,0.14383523204534465
45,359,0.14231926473849263
45,462,0.14166092720493384
45,440,0.13291518588725323
45,31,0.12664117835970093
45,631,0.12653660498607008
45,304,0.1242836269598166
45,185,0.11218484812316598
46,892,0.12497683978131377
46,540,0.11948102438680476
46,66,0.1085182385317201
46,599,0.09724713029044682
46,623,0.08536162927686203
46,333,0.07910556050742273
46,914,0.07840412769093372
46,339,0.07149516144398167
46,551,0.07078998487977585
46,65,0.0580857365974652
47,4,0.2572807805944475
47,213,0.2393434037329627
47,175,0.22603933140719898
47,824,0.1472753453343343
47,563,0.12581491304719522
47,357,0.12198781993507557
47,775,0.11746244249706977
47,349,0.11657097214242038
47,43,0.11423661831582164
47,427,0.10429583343428037
48,293,0.4586610000682402
48,112,0.248260796086896
48,518,0.1654197250017304
48,126,0.14250661752831817
48,41,0.13339884998241958
48,786,0.12519989844131085
48,519,0.12366826194519442
48,567,0.11611589202897582
48,922,0.11535890727795162
48,900,0.10833937130183699
49,386,0.1441073789316463
49,648,0.11890705178238944
49,36,0.10161734742675416
49,780,0.06853854134850884
49,639,0.051892433686173245
49,432,0.04915362811491751
49,522,0.03757177029319156
49,332,0.03445577232135268
49,609,0.03168101550963032
49,109,0.030921572234210437
50,788,0.10733316106772929
50,796,0.03134857261647016
50,394,0.03129845467859549
50,397,0.030606837652995055
50,395,0.02939788302282707
50,369,0.028758467868918985
50,101,0.02838567456251506
50,275,0.0283078489492598
50,856,0.02747889611480466
50,616,0.026985739417936867
51,882,0.1368410801681904
51,234,0.13321191035137997
51,302,0.12403979944679885
51,620,0.08305816294100966
51,619,0.07890471186029681
51,781,0.07829284579611304
51,471,0.07623931855186833
51,80,0.07619079439165333
51,406,0.07402252279839136
51,937,0.07049141914924907
52,245,0.13114878802528795
52,881,0.11998010708811618
52,575,0.11261615068434991
52,75,0.11055953740865573
52,209,0.11032684524315563
52,943,0.10580630280211642
52,58,0.10523362583033982
52,567,0.09490839551450028
52,574,0.09150499622275753
52,548,0.09122991637985463
53,707,0.26088625156430145
53,98,0.11744789074684822
53,920,0.09301316592859041
53,919,0.09301316592859041
53,587,0.08947180117838
53,253,0.08925855966680693
53,381,0.08270735372200066
53,401,0.06272110421503058
53,314,0.059848034536972974
53,437,0.059686000766357404
54,119,0.12572845693800896
54,282,0.12529723252644523
54,688,0.12291569844310897
54,309,0.12256398073380721
54,988,0.11037496887232802
54,734,0.10519537433461051
54,999,0.10264335478955744
54,544,0.09544939284443237
54,114,0.09287946347813698
54,127,0.09131628593604413
55,916,0.17426887741226374
55,74,0.15129340652961318
55,301,0.11441735267040656
55,1042,0.11222558240927066
55,738,0.1063104096662136
55,334,0.10509462734111388
55,69,0.10198928442468402
55,273,0.09986666146744881
55,72,0.09905107726907994
55,469,0.09766998014247186
56,347,0.224878317203142
56,840,0.143894515203881
56,223,0.13145238180768787
56,710,0.12875283407854382
56,466,0.11588321029349648
56,807,0.11227111540332145
56,981,0.10240426598825621
56,528,0.08088451953566905
56,610,0.07814509111778097
56,590,0.07729021708271891
57,786,0.09728765989837582
57,151,0.0860317104478599
57,794,0.07391111409690138
57,128,0.07131509239108827
57,436,0.06476827119461614
57,113,0.06310846686191046
57,58,0.06305675004791678
57,75,0.06298414081322495
57,518,0.061279820088481096
57,929,0.06041220928081831
58,567,0.2035098282230164
58,128,0.19939432275259328
58,245,0.18925422868664327
58,548,0.1404094133614958
58,75,0.1332793259578018
58,881,0.11785179900666223
58,131,0.1167082347949115
58,52,0.10523362583033982
58,943,0.1039294215858234
58,575,0.10113328503888991
59,949,0.15189886949003978
59,807,0.12301175693277845
59,162,0.12271731824509838
59,684,0.12183401883674284
59,38,0.12149916268481152
59,528,0.11460190699822163
59,278,0.10684904162320549
59,840,0.1054218444387513
59,161,0.1043224326864714
59,309,0.10024325254381065
60,487,0.15442827013609656
60,539,0.13542842691188503
60,416,0.11540336648098765
60,390,0.11089648251242006
60,150,0.10846118642502817
60,106,0.08845019505844333
60,930,0.08063701944517865
60,164,0.07887002465815923
60,811,0.0769996884288741
60,802,0.07582310531382058
61,163,0.1457780317182519
61,542,0.1121896132279038
61,854,0.0931584222607909
61,858,0.08469956003367378
61,419,0.08142142918350749
61,967,0.06651961693547517
61,429,0.06643095316015174
61,609,0.05388860847466592
61,979,0.053380778444160226
61,467,0.05332671736259844
62,517,0.14156491811521627
62,75,0.13885221767488318
62,293,0.13412904573118675
62,393,0.12402575851147372
62,344,0.11679572439205235
62,284,0.1143886840622673
62,799,0.1037720952646436
62,48,0.10336329194539352
62,157,0.0963060514816266
62,943,0.09161898465139781
63,552,0.07453516801334935
63,813,0.07095529651790021
63,936,0.06484067156722222
63,712,0.059894334829168575
63,599,0.05958233633489904
63,32,0.05739026145419823
63,602,0.03991434746443308
63,1027,0.036682752662989725
63,914,0.03499351649668786
63,884,0.032722937513534514
64,233,0.14975428246416594
64,408,0.11528460345189477
64,697,0.08394775039459715
64,399,0.06554790278337456
64,1011,0.05721115335197805
64,502,0.05664636555847326
64,362,0.053980373056894064
64,364,0.05367219452017636
64,363,0.0473568611682236
64,361,0.04514564506121542
65,66,0.3432590988186654
65,914,0.22722696335249792
65,550,0.17756648487362026
65,599,0.17044276180292894
65,887,0.1540069033723603
65,614,0.1311484847565056
65,551,0.12236268574218737
65,822,0.12204837304529091
65,483,0.1207875634957587
65,623,0.11162462010142582
66,65,0.3432590988186654
66,67,0.1314426410789565
66,914,0.11088993584819606
66,46,0.1085182385317201
66,550,0.0575866242053145
66,599,0.05045067354259087
66,892,0.04479236812402314
66,1019,0.03626568858020622
66,483,0.034760335195796174
66,1032,0.03329817924878711
67,914,0.1546119531505864
67,66,0.1314426410789565
67,65,0.11086502871592704
67,551,0.08853234581809195
67,333,0.0672705706588216
67,831,0.06341303665885724
67,911,0.06313202358864413
67,1028,0.06186052990542875
67,599,0.04570448835471543
67,46,0.04174156103020191
68,257,0.27201963255124545
68,247,0.19545041296655163
68,256,0.18560780088103893
68,250,0.16734669600071292
68,254,0.166232626938303
68,252,0.147513059406367
68,253,0.1443654578949088
68,248,0.14434322717537784
68,585,0.13263371930324752
68,584,0.12313916339109873
69,1042,0.18125177639849913
69,74,0.17920239190605053
69,738,0.13262997500678805
69,334,0.11714625577769779
69,448,0.11655677207048257
69,55,0.10198928442468402
69,72,0.08998187996304872
69,469,0.08872723721417523
69,916,0.07965831866287887
69,273,0.06373647971213615
70,865,0.06045898212852056
70,754,0.04489575072873231
70,851,0.04057660300832663
70,546,0.0368912425673901
70,34,0.033860565819010674
70,669,0.03278279914440869
70,739,0.032526506190891355
70,992,0.027557979572077687
70,832,0.027369635472790112
70,993,0.027088357641944085
71,666,0.21191063156925682
71,844,0.19513845156935566
71,201,0.15801416015479308
71,202,0.15711216564181218
71,262,0.15181189010787766
71,1016,0.1403516828146048
71,930,0.13547243798790326
71,139,0.13523360414917615
71,995,0.1276274731216661
71,580,0.12735151798864164
72,1042,0.2678849814661389
72,74,0.186344416026948
72,448,0.15855714756151285
72,916,0.13684594981632794
72,273,0.13023981042195965
72,334,0.10743496079035528
72,469,0.09984497545191093
72,55,0.09905107726907994
72,738,0.09379427040173005
72,69,0.08998187996304872
73,606,0.2125179504124337
73,488,0.17428957210896326
73,100,0.15311528320924514
73,903,0.13797760611858528
73,845,0.13631592143092466
73,1015,0.13093834631100096
73,455,0.12671524414000068
73,456,0.12424735869569634
73,643,0.11966272979133927
73,398,0.11906806794693583
74,334,0.19504931314742402
74,738,0.18679491482035285
74,72,0.186344416026948
74,69,0.17920239190605053
74,469,0.15250602898491347
74,55,0.15129340652961318
74,1042,0.14144508117782892
74,916,0.13691820275622907
74,301,0.10132230153254354
74,682,0.09471181762674066
75,943,0.20235517513970702
75,245,0.18442466449308018
75,548,0.17879195787341706
75,41,0.14695160108889171
75,121,0.1428839535864977
75,829,0.13933571157465605
75,62,0.13885221767488318
75,966,0.1376977590196972
75,291,0.1362091217927986
75,313,0.13333837901807646
76,886,0.11030967267432723
76,1020,0.09005790665718034
76,506,0.08956187801144969
76,91,0.08442702708106808
76,290,0.08237229947215609
76,698,0.07753735629739111
76,884,0.0668674274828316
76,65,0.06332809477537099
76,92,0.06248591262173093
76,200,0.05410873952352069
77,715,0.08006804956743116
77,620,0.0793051674674868
77,619,0.07533939069298856
77,86,0.03610659762846999
77,234,0.03481346493106151
77,955,0.034526670785612876
77,1005,0.033546009620507175
77,445,0.031044084084016713
77,830,0.02896557646193543
77,804,0.012922324076287597
78,448,0.06406738385273396
78,1042,0.06002698658477511
78,55,0.046692888107456434
78,273,0.04615202709695827
78,69,0.03270862113660448
78,809,0.029028014122248206
78,589,0.02828439878870482
78,738,0.023662874166438887
78,789,0.02036739496695861
78,916,0.019164424590206612
79,777,0.2305151793166197
79,254,0.18829878084124188
79,249,0.1818401735396643
79,212,0.17462240728553508
79,256,0.1710244255565621
79,250,0.15116320855159648
79,253,0.1425765178334252
79,257,0.12680618688044845
79,584,0.12161325417610999
79,252,0.11076393900299829
80,182,0.13525648557999773
80,234,0.09357977726155367
80,102,0.07740317259464019
80,51,0.07619079439165333
80,414,0.06505788829848522
80,853,0.06423031309256147
80,772,0.06059163087534588
80,1005,0.05978239441042355
80,277,0.05952087085732771
80,715,0.055466639237845644
81,1033,0.3271847896852371
81,349,0.15646530616939727
81,352,0.13961728584525446
81,152,0.12076237078258
81,94,0.11921856120208447
81,798,0.11261942776161102
81,554,0.10837858590463645
81,155,0.09963952711841485
81,913,0.0976455031627883
81,480,0.09719343180356253
82,474,0.10527707484214799
82,651,0.07449502773554782
82,116,0.06564547760680713
82,598,0.05095064391933257
82,694,0.04802245656502301
82,693,0.042855323569867404
82,811,0.04049621057773298
82,416,0.03787502616094676
82,264,0.03714571446642539
82,723,0.03628144415333712
83,91,0.19140651601347386
83,409,0.15761333273038386
83,468,0.1267676317958872
83,884,0.12031388270590435
83,1035,0.1192030524798163
83,614,0.11660463930000162
83,776,0.10685461487420073
83,110,0.0956167149037933
83,486,0.09242970562401903
83,37,0.08651176364187449
84,659,0.14474375197098674
84,792,0.1349821518096525
84,639,0.10205526731315336
84,222,0.1007564799214346
84,386,0.08256925665771289
84,904,0.0772811305655323
84,237,0.07299189032062856
84,940,0.06868394225159236
84,837,0.0676119197475823
84,849,0.06457815754801347
85,403,0.17796155846825604
85,327,0.17470472022441538
85,326,0.17470472022441538
85,212,0.1614341290125015
85,584,0.13076247661152537
85,130,0.12219827851817186
85,920,0.11453118956076765
85,919,0.11453118956076765
85,587,0.11427599283443109
85,129,0.11029923908352122
86,182,0.08392372899593341
86,234,0.06324023648970264
86,804,0.05906173154655259
86,267,0.05398315806427578
86,103,0.05382294993488321
86,955,0.04784533390779516
86,839,0.04724890214957483
86,715,0.03727511977695548
86,77,0.03610659762846999
86,354,0.03450882615595896
87,666,0.14297963364078767
87,539,0.11856052480202657
87,108,0.10966143392653738
87,1016,0.1037251827670042
87,766,0.09958558898763784
87,598,0.09736809274021872
87,898,0.09677421261853165
87,93,0.08545116928777262
87,582,0.07563688446626972
87,300,0.07439340809701243
88,233,0.10659266882706628
88,142,0.07855104131241664
88,722,0.03831691382189566
88,815,0.03760771115707495
88,243,0.03575929030339461
88,408,0.032053658922983695
88,735,0.031867808126567
88,990,0.03168495798442807
88,362,0.030290782368428505
88,364,0.030117849717953896
89,98,0.1839815374658488
89,587,0.10492399646593342
89,876,0.07936629921680452
89,247,0.07491553232999243
89,420,0.07407776652394171
89,421,0.07407776652394171
89,635,0.0729172299533993
89,920,0.06889568599036336
89,919,0.06889568599036336
89,187,0.06835006523238762
90,252,0.35783650875104306
90,584,0.3236169350286934
90,251,0.2476495905702516
90,256,0.22815435885588614
90,212,0.20079882169867902
90,771,0.1377077673988742
90,257,0.12851042703062146
90,327,0.11535420612082345
90,326,0.11535420612082345
90,68,0.11174071240909828
91,92,0.26969129760211585
91,83,0.19140651601347386
91,1035,0.11921306072574324
91,409,0.11566299116593942
91,468,0.11544014283021996
91,884,0.11141412645625129
91,614,0.09873860603300094
91,776,0.09618015652070747
91,486,0.0909320706102919
91,928,0.09006104234780535
92,91,0.26969129760211585
92,928,0.1630152518456115
92,1035,0.13623242654546927
92,614,0.11283495123523907
92,776,0.10991124654103901
92,410,0.107996882009945
92,468,0.10767343237888294
92,486,0.10391392146656743
92,409,0.09885594794295906
92,37,0.07829834515113257
93,816,0.21397236801214756
93,802,0.19921808982690506
93,666,0.1890321494299685
93,995,0.18167979876170906
93,873,0.170921847723379
93,656,0.1669517092638621
93,817,0.16209912694638223
93,134,0.16152431908036471
93,210,0.15105990262327404
93,150,0.14951798332571614
94,427,0.25459467352336823
94,352,0.23195244441006238
94,349,0.2078906192902173
94,357,0.17753553716635861
94,9,0.1527245379843914
94,426,0.15229807627669062
94,1012,0.13779057192694866
94,868,0.1275311947440026
94,1039,0.1226489971264324
94,798,0.12246537816504816
95,902,0.18103397524766437
95,1007,0.16329314532462774
95,100,0.14258453415802091
95,903,0.1398184332620831
95,441,0.1339433901587596
95,311,0.12848646068365452
95,97,0.12493159202770676
95,198,0.12336737716966159
95,462,0.11753136019154076
95,398,0.10764120411694666
96,119,0.23913408955230034
96,457,0.14171044201724475
96,962,0.11947726400811005
96,961,0.11400787882382504
96,282,0.10845556618752013
96,223,0.10336079719914552
96,54,0.07548403731443373
96,625,0.07345496711793872
96,818,0.07058376710629441
96,449,0.06846410768741604
97,100,0.21806970229896652
97,311,0.1668117963022046
97,1015,0.15718292696939912
97,462,0.15633959865466177
97,826,0.14990065012935483
97,1038,0.1464260858878395
97,805,0.14626244601024105
97,398,0.14473280494704024
97,441,0.13972360310677834
97,903,0.134760433059692
98,89,0.1839815374658488
98,973,0.13837075483127098
98,257,0.12474838514848717
98,421,0.12124809541350667
98,420,0.12124809541350667
98,53,0.11744789074684822
98,584,0.11674760560710613
98,144,0.11395339326802875
98,143,0.11132570819604838
98,635,0.10735747279802381
99,540,0.1295030416886657
99,982,0.12692191934458838
99,831,0.07766939142036577
99,339,0.07565510359033717
99,91,0.05393341818844766
99,599,0.05206077131530347
99,814,0.04913355433632921
99,765,0.04860622695729737
99,613,0.045908445915442006
99,44,0.044962158916294
100,1015,0.26342487309829116
100,903,0.2315522122563439
100,97,0.21806970229896652
100,1007,0.2054585748843351
100,606,0.1938318320592011
100,311,0.19061258346745064
100,924,0.1865905320416737
100,826,0.1794948713799621
100,198,0.1792554630438219
100,398,0.1782637550836788
101,377,0.1915835988219436
101,374,0.16597725747497527
101,855,0.13442767859961308
101,788,0.12835930430967907
101,616,0.10927632709484522
101,404,0.10688820226308711
101,373,0.09312021994020442
101,395,0.08558975400611364
101,370,0.07679528148844582
101,856,0.07169753395921828
102,194,0.16995720551250865
102,234,0.10151842756236529
102,406,0.1006822408002568
102,445,0.09885533405110378
102,80,0.07740317259464019
102,182,0.06864628200465103
102,715,0.06233839726183003
102,893,0.05774427868074802
102,231,0.05434106827685737
102,51,0.04849596605590668
103,182,0.07084207705744132
103,86,0.05382294993488321
103,830,0.039814958599736446
103,987,0.03759473956805607
103,860,0.032338346268443605
103,804,0.028333648793063465
103,277,0.027133320322387917
103,194,0.026105822916969945
103,715,0.02528514902368089
103,939,0.02119711065911505
104,257,0.05526859421721345
104,252,0.04827656559398345
104,247,0.048245478384326114
104,256,0.04727423574270638
104,248,0.04723917531655922
104,68,0.04707945072268462
104,254,0.04184826192644965
104,98,0.03592269400921639
104,381,0.0334330978312482
104,53,0.030911029758218026
105,265,0.0944496170022265
105,684,0.07050704871221479
105,644,0.0668562005192732
105,734,0.06335790808484097
105,885,0.061378530022204725
105,688,0.05964927942369191
105,59,0.05070176248081441
105,818,0.04109562587911614
105,705,0.040081340739720035
105,769,0.035742062840471676
106,873,0.1521461443523286
106,108,0.14760555295635538
106,598,0.1454660583342777
106,582,0.1410284497088769
106,390,0.11598473459379424
106,123,0.11184113241330572
106,726,0.10283518976537386
106,202,0.10148209768293802
106,802,0.09680341371744669
106,898,0.09605095142944137
107,829,0.16290249733178927
107,75,0.10599958669895893
107,157,0.09308924229189247
107,121,0.07973958282914337
107,680,0.07315271533871015
107,113,0.06944518367348079
107,787,0.06843551616484042
107,929,0.06787383451602168
107,284,0.06701952325094555
107,62,0.0656101978278235
108,300,0.3300614411375719
108,995,0.2994233371589595
108,264,0.20024247982297744
108,106,0.14760555295635538
108,726,0.1354060846633803
108,598,0.13302421207960072
108,762,0.13175577098261224
108,1016,0.12708148870836766
108,582,0.12130725872583001
108,87,0.10966143392653738
109,967,0.23181851051276942
109,1018,0.1889713899865953
109,341,0.1298242140450322
109,318,0.12204865730901776
109,432,0.10818806469026895
109,609,0.10363189929754248
109,419,0.10020630642375523
109,854,0.09347157471496575
109,649,0.09252197672454676
109,940,0.08667160212251965
110,884,0.25904605817894455
110,1035,0.1590153228624163
110,37,0.1386263187566148
110,486,0.10216429651335276
110,83,0.0956167149037933
110,614,0.09235415537013487
110,776,0.09039644321267234
110,468,0.08812950946753689
110,409,0.08091249631111397
110,92,0.06863951183569511
111,1021,0.9999999999999997
111,1024,0.2356810319310684
111,23,0.20555912086805722
111,13,0.15894384779637344
111,612,0.15420487774755887
111,5,0.14610968568037494
111,557,0.13480521873741338
111,159,0.1330480477766814
111,1034,0.13075229269901958
111,259,0.12878388664235513
112,293,0.32215482929076833
112,48,0.248260796086896
112,62,0.08719154269751739
112,41,0.08324113669128304
112,126,0.07682905906456054
112,393,0.0753611879758073
112,700,0.07419136719287844
112,137,0.07350323085950329
112,567,0.07245653798130985
112,518,0.0674346730637391
113,680,0.15584166212835404
113,794,0.13156733283022537
113,75,0.12443760111046011
113,131,0.10173400925766596
113,424,0.10093045372402135
113,121,0.09360982160230341
113,829,0.09329769818855212
113,379,0.08898111618678292
113,11,0.08348026643751583
113,41,0.08245273899157453
114,891,0.1705627192651638
114,933,0.1116716260278677
114,54,0.09287946347813698
114,324,0.08417553831124744
114,769,0.07476928527280122
114,528,0.07460177897826892
114,449,0.07358428678009954
114,925,0.07294925943024802
114,544,0.07208068542227743
114,568,0.06831790847473423
115,998,0.155850407613939
115,913,0.1342079244118367
115,154,0.12449815128478021
115,352,0.11439761046893823
115,868,0.10870670227154575
115,349,0.08921315441014668
115,798,0.08127637350040322
115,192,0.07892021639427341
115,191,0.07882830783637663
115,554,0.0767569471882715
116,474,0.1195880145621009
116,117,0.1028018123932187
116,82,0.06564547760680713
116,791,0.06560641405220317
116,598,0.057876668364024275
116,10,0.0507891978782766
116,651,0.049464815476457244
116,811,0.04600110164099072
116,582,0.04561937954546966
116,592,0.045270011335785516
117,783,0.19544289730896167
117,592,0.10345083455936954
117,959,0.10329213435298698
117,116,0.1028018123932187
117,390,0.07725930735238862
117,93,0.07676149161915302
117,873,0.07642407071153318
117,995,0.06831942195604715
117,1006,0.06315451589857717
117,816,0.06225709872945485
118,125,0.16135279958866078
118,656,0.13381644684354133
118,210,0.09677383705716036
118,802,0.09331836502562925
118,93,0.07157054716984611
118,150,0.07016711183206582
118,108,0.06408414486361867
118,766,0.06276104694023585
118,870,0.0586295243990282
118,666,0.05390239088874324
119,96,0.23913408955230034
119,999,0.2255465726900256
119,962,0.1962874449399552
119,646,0.15723863124139148
119,196,0.1395739403675944
119,309,0.1266961150027595
119,54,0.12572845693800896
119,885,0.11482315510340693
119,590,0.11324999244205385
119,734,0.10045274992357113
120,238,0.11369722748967523
120,534,0.1082875508229052
120,849,0.06824562317565012
120,649,0.06692856758527087
120,367,0.058831286928293224
120,1018,0.05231497070207414
120,386,0.050012720235299304
120,543,0.04969435677114783
120,637,0.04691855298443712
120,542,0.04587582914250418
121,548,0.2957515287415228
121,284,0.1796808482414025
121,344,0.15138557819828308
121,900,0.14292232032543276
121,75,0.1428839535864977
121,11,0.11932481281426577
121,680,0.11366664548225558
121,518,0.11328088517918318
121,295,0.11008729423619532
121,943,0.1085549655894294
122,706,0.08628699067062812
122,502,0.08416607322260265
122,588,0.0678212787579478
122,244,0.06528505645534037
122,321,0.06521887460831491
122,895,0.059294444076268646
122,645,0.044472612158370256
122,140,0.04378310564361852
122,969,0.04267278659321397
122,12,0.040959603011785084
123,139,0.14436779676115494
123,1022,0.1380705842762705
123,802,0.1270036715557371
123,10,0.12466193686370966
123,106,0.11184113241330572
123,150,0.11146923807295958
123,784,0.10312445109094238
123,693,0.10082837634276937
123,844,0.09543003000427056
123,666,0.09387490371479543
124,415,0.09129416590986567
124,570,0.09014933058689038
124,580,0.07528917912352373
124,783,0.07393528182853022
124,693,0.06998326301535845
124,10,0.0646093467180644
124,811,0.06396091984230477
124,666,0.05803962525664182
124,917,0.05753078776464743
124,656,0.05074694876197646
125,118,0.16135279958866078
125,330,0.07935648458600733
125,134,0.0749040365153974
125,93,0.07383356075311212
125,242,0.056683258926943376
125,656,0.05512441558223402
125,443,0.05143190452485154
125,221,0.04756341337448473
125,802,0.043145923953854276
125,666,0.04124820517373881
126,293,0.15977031825006993
126,48,0.14250661752831817
126,137,0.08142324808748204
126,900,0.08073814151454103
126,787,0.07755869647775604
126,495,0.0768356400771217
126,112,0.07682905906456054
126,283,0.06667349867009457
126,206,0.060123166028563664
126,41,0.05970995300485535
127,988,0.10018774026029265
127,223,0.09487881332557282
127,54,0.09131628593604413
127,687,0.09072375216023355
127,162,0.08071036402924883
127,466,0.07076350353309586
127,734,0.06910886075753433
127,646,0.06900757883687994
127,156,0.06685880863072034
127,933,0.06654060221538381
128,58,0.19939432275259328
128,131,0.15093694541835992
128,680,0.09883921598366018
128,567,0.09786915249129137
128,1029,0.09648375922422141
128,966,0.09226105537042735
128,575,0.08782545073593637
128,494,0.07807503243576822
128,733,0.07655880737805315
128,574,0.07293265509940568
129,130,0.9841632516626088
129,85,0.11029923908352122
129,683,0.09494150799021955
129,587,0.09268875077872821
129,920,0.0772291097499204
129,919,0.0772291097499204
129,417,0.05941093667642078
129,595,0.05932254562552758
129,251,0.05771947495170357
129,420,0.05726126594294201
130,129,0.9841632516626088
130,85,0.12219827851817186
130,587,0.1214448710377593
130,683,0.10608582178643233
130,920,0.0943367132470447
130,919,0.0943367132470447
130,251,0.06973395906998121
130,883,0.06190860463376971
130,253,0.06141315853320774
130,417,0.05847006062378761
131,128,0.15093694541835992
131,680,0.12971753028416072
131,58,0.1167082347949115
131,157,0.11052341239486539
131,966,0.10271767901514994
131,113,0.10173400925766596
131,269,0.09492024631711984
131,424,0.09446108700601887
131,295,0.08847492906872075
131,829,0.08722168351935783
132,150,0.11567579491405694
132,663,0.10598069560138582
132,802,0.09778166932882477
132,93,0.09013263460954683
132,300,0.08799323062812468
132,165,0.08728773064754897
132,10,0.08343824323516232
132,816,0.08266289179013336
132,666,0.07356589731918346
132,242,0.07304234907645493
133,379,0.16460257776003864
133,863,0.14693729179074944
133,344,0.1288870542228766
133,966,0.12264793089772943
133,730,0.10485371025612165
133,435,0.09065689709374496
133,434,0.0877237319633884
133,786,0.08620984959857818
133,548,0.08466401637813784
133,943,0.08000802054831554
134,802,0.2333726675669248
134,580,0.1775637317988757
134,93,0.16152431908036471
134,150,0.14742096233144722
134,972,0.14269762169994152
134,164,0.14040241071810683
134,139,0.140171636474886
134,816,0.12574754041383884
134,71,0.12163677888332422
134,472,0.11095373860703503
135,119,0.0919605330097441
135,705,0.09029383218512128
135,1001,0.08910103875333636
135,610,0.07853664912726069
135,818,0.07811861489844317
135,769,0.0777974530012901
135,196,0.07623862879683356
135,309,0.07244179090330893
135,926,0.07016623149063643
135,999,0.06918278094843652
136,643,0.3179453708029516
136,355,0.12434309238608005
136,2,0.0756079591900295
136,317,0.07382826728585112
136,903,0.07000183379582389
136,173,0.05667009363402404
136,100,0.05468452298235635
136,606,0.051659515466163944
136,95,0.05111006702657738
136,460,0.05069692589297138
137,41,0.23912515142936253
137,964,0.21683122442443142
137,206,0.14520457106717352
137,293,0.1305707654411252
137,157,0.11360514407288502
137,670,0.10077859065609615
137,760,0.09916479767464417
137,1010,0.09724649965463286
137,1009,0.09724649965463286
137,151,0.09493631607077266
138,887,0.18830580838853667
138,306,0.18504936963284743
138,438,0.15064963045521923
138,1019,0.13281928253908515
138,732,0.13096442851739876
138,599,0.12627218901331766
138,914,0.09817156175286083
138,497,0.09246127084981601
138,483,0.08700109052665869
138,1032,0.08334148364446695
139,802,0.18931016482843332
139,123,0.14436779676115494
139,134,0.140171636474886
139,71,0.13523360414917615
139,666,0.12217591128603407
139,689,0.12125141575870281
139,242,0.11953725220730765
139,164,0.10057592421628536
139,580,0.09272694882707828
139,852,0.09229436308395868
140,408,0.14034081802248494
140,502,0.1205785896935346
140,969,0.10012152599662823
140,503,0.09330455792642475
140,422,0.08375177650837198
140,199,0.07240224150106886
140,815,0.07100429897740074
140,842,0.06974445220413929
140,895,0.06924912443844758
140,645,0.06892753110973492
141,698,0.1394182146949214
141,814,0.08452822036240581
141,884,0.07628349817067669
141,316,0.07359811917485791
141,306,0.0721959308005064
141,200,0.06556674945745815
141,599,0.06403484628921528
141,506,0.06125492251267575
141,509,0.05829434746629178
141,1032,0.057435089454772964
142,270,0.15816478001941411
142,862,0.15238288790447205
142,736,0.13777359742848277
142,502,0.13390962246453647
142,645,0.129509403721482
142,463,0.12872878911805216
142,820,0.12682112246535854
142,907,0.1257559779488886
142,908,0.12079866027502437
142,489,0.10853920759732458
143,144,0.9769407035927415
143,635,0.11507225330233373
143,239,0.11211275267374157
143,98,0.11132570819604838
143,249,0.10455915217607095
